V1
NA
12.8081128875095
12.6389490399885
12.9326836311135
12.8175519630485
13.0554051615232
12.7021368755414
12.939902544667
12.8144058316192
13.3039774778026
13.1446926769408
12.9259312734623
12.8396665584064
12.8099621007038
13.0241789967521
13.1379484588176
12.455785750379
12.6944594838477
13.0445767911929
12.7572016460905
13.0265295073092
12.9227881456882
12.894727344906
12.9421105817814
13.1297820124152
12.5234589288292
12.9493287137289
12.9394355013354
12.9245317067889
12.8672489713419
12.7702580761595
12.6723453403595
12.4801501371445
12.9074174336762
12.9286075218364
12.7354745579213
13.0576006929407
12.9678420615729
12.9709831095712
13.1131564699513
12.624968419533
12.9032258064516
12.9971847253303
12.973187542853
12.9443181408105
12.8293985993791
12.7991337303736
13.0571294525245
12.8956581369329
12.6164175871778
12.9372270151247
13.0453610479593
13.0273176716827
12.8036674728369
12.8587415616765
13.1396607722844
12.9055541520806
12.7905298108849
13.0390847739002
12.5654261271342
13.1911361339685
12.5631586545402
12.9160349433254
12.5825663237683
13.0296686638273
12.7156572583556
12.689933951709
12.9281409030209
12.7765546612769
12.8004330566582
12.8333754375835
12.8081128875095
12.5360854503464
12.901479610249
12.7558202490525
12.934892449834
12.9764654923477
12.9263978630473
12.7842344618494
12.9077655889145
12.911026890453
12.8022810943478
12.7021368755414
12.9574821338338
12.7305540516152
13.1807846392608
12.8437387224829
13.118481359847
13.1040456169476
12.8937966872361
13.0566582461205
13.0073967165795
12.707979932869
13.1415577853173
12.6497762379096
12.624968419533
12.7165752237944
13.182966438109
12.88890493034
12.6732601790355
12.9728559052844
13.1500126303634
12.700761540405
12.7522107922758
12.7652663490689
12.9304743339831
12.8713228659087
13.0535205167996
12.9326836311135
13.0207205255938
12.8523477821489
12.8536374133949
13.1158191070849
12.8595661746129
13.2204857978128
12.9548079699682
13.0084822234254
13.0364167899809
13.2070023461469
12.8667845670769
12.8081128875095
13.0806713589605
12.8550290519326
12.9949824928708
12.9574821338338
13.2570562333069
12.9705149951279
13.0869455372289
12.9976538530951
12.604678024834
12.815793272701
12.8915836581493
12.635796008229
13.0693712553238
12.8961235833393
12.9204561859391
12.4598447933586
12.666041004909
12.8284724227548
12.8162558198289
13.1177128830813
12.8866909720969
13.0003248276609
12.5514254781667
12.653841989389
12.5690358444934
13.0621526023244
12.7598902685533
12.8108869075551
13.0508535749089
12.650232793157
12.8915836581493
12.8505937985056
12.9827474193316
12.7770158088501
12.8185690563858
13.0626240750767
12.509474140109
12.7170342562177
13.1343391323179
12.9502634808345
12.8054282311329
12.6745822656898
12.9926375054136
12.9320920834235
12.671887970549
13.0811435171816
12.8198650160609
13.4565405717586
12.7837730537409
12.8680715935335
12.8522460761321
12.815793272701
12.8591020643857
13.1649224106821
12.9736557199567
12.3655913978495
12.7711800166047
12.8140340745019
12.552784494893
12.9916997473836
13.0229200505324
12.75628068149
12.789145104832
12.7765546612769
13.1136298007508
12.8969399538106
12.8153307589592
13.0328075937489
12.5933946940985
12.9830765344784
12.7178894943881
13.3638889891371
12.8685359604489
12.8776121557729
12.9846220489495
12.9827474193316
12.4742826204656
12.8496661252481
12.8708582978416
12.8866909720969
12.7747104038108
12.9413038769764
12.643014400693
12.7751714182606
12.8672489713419
12.9435120014438
12.5063163213744
12.7224167177969
12.5613629800751
13.0864732207305
12.5184998014655
12.9263978630473
13.1875270679948
12.8752886836028
12.895192724123
13.1297820124152
12.8961235833393
13.1473528456458
13.2871422900653
12.9651687421043
12.9185912240185
12.8288405326405
12.9727193995381
12.9389684917169
12.7273383371824
12.9661047539978
12.8198650160609
12.777476989713
12.7034537514887
13.0801992348228
13.1158191070849
13.0590146182999
12.8898354028299
12.7224167177969
13.3075868043023
12.6303633935982
12.896589063346
13.2070023461469
13.0171106779294
12.7892286034004
13.0315500685871
12.8388377549179
12.9782012415187
12.6980689406244
13.1032740136447
12.8631753708449
13.0386142186936
12.7260259140289
12.7810864464898
12.8460566684714
12.7914531148488
13.0814478005124
12.8667845670769
13.1213226004404
13.0968277454979
12.8956581369329
12.9827474193316
12.7697971558507
12.7856188860412
12.8816862773406
12.792292147806
12.9791380928319
13.0544627711409
12.7594297058293
12.9844821364128
12.8568850388017
12.9182458040065
13.0097437748105
12.855492998412
12.7165752237944
12.8740029595409
12.9529377797026
13.1249323177995
12.9783393501805
13.0042577758534
12.5825663237683
13.1807846392608
13.0477152963257
12.855492998412
12.9132380539916
12.8843655262018
12.8523477821489
13.0688995560689
12.8776121557729
12.9502634808345
13.0260593373277
13.1158191070849
13.2070023461469
13.0742304500018
12.7205802749811
12.8041296657281
12.9687781988811
12.8352282981411
12.6569943698571
13.1288343558282
12.8451293896849
12.621359223301
13.0554051615232
12.7052878541779
12.7413824219455
12.5221095188247
12.4639041293676
12.9800750794109
12.7292418772563
12.9565468456763
13.093218809773
12.8649272851936
12.7842344618494
12.8798267773367
12.9596881879534
12.5857215043673
12.8807564602281
12.7878437883491
12.6587759815243
13.0960545789265
12.7688754150426
12.9538728073342
13.2317909478091
12.7467609801869
12.6615173608605
12.9755287663322
12.9344256378794
12.9890284394399
13.1807846392608
12.8451293896849
13.1225638804677
13.0977731259249
13.0265295073092
12.8839005377314
12.7936771446101
12.6980689406244
12.8036674728369
12.9223216863991
13.0612097589144
12.9231324431613
12.92546471756
12.8118118479477
12.5870592905344
12.8135715574806
12.9642328653409
12.8816862773406
13.0566582461205
12.9529377797026
12.7946006424369
12.8559569783809
12.962962962963
13.0973004186517
12.7756324659858
12.8820409194241
12.910560889338
13.1143991338867
13.0883626913081
13.033277990327
12.8131090738468
13.1564699512723
12.8248628356916
12.7544391511477
12.77609354699
12.7440718951889
12.9006641640196
12.7039122275155
13.0955818654346
12.8275463798455
12.6953195481939
12.8636396448423
13.0436351824449
12.750830085174
13.0535205167996
12.7991337303736
13.0634044242359
12.7332443064929
12.973187542853
12.9957775452019
12.819031803906
13.0188406843283
12.8749323226854
12.7883053600433
12.8595661746129
12.8505937985056
12.8446658004908
12.9416435093291
13.0797271447649
12.9295408605256
12.8523477821489
12.624968419533
12.9606236691089
12.567221279821
13.1324431613136
12.6867826463582
12.984013568619
13.2493593676688
13.1911361339685
12.6728027431871
12.7648056588112
12.8424472116946
12.6403176321964
13.3968528944709
12.6651266873601
12.871215674954
12.7977479428324
12.777476989713
13.026999711233
12.7359341730124
12.8081128875095
12.4869176079974
12.8478111804829
12.7652663490689
12.9187120993358
12.6687360138598
12.9736557199567
12.6998448157638
13.2240949940448
12.9894972389649
12.8699292623069
12.9267412486467
13.0450476465492
13.2840129916997
12.7738675329363
12.8663201963332
12.7711800166047
12.9286075218364
12.6326427488631
12.7855364295767
12.7585086801169
12.5942766410451
12.5613629800751
12.6371247113164
12.6281218420673
12.9574821338338
12.8929796065692
12.6150514347591
13.2291365867745
12.8726091663659
12.846883908917
12.7675702992456
12.7211031694462
12.6940012993575
12.9596881879534
13.0120916802021
12.8878626064367
12.8671429602367
12.6772761719173
12.9683101133329
12.9750604540369
13.089137495489
12.7738675329363
12.5532375658702
12.5171443008735
12.4584957413022
13.1355779293421
12.5360958706324
12.9353592954849
12.8518839324383
13.1918885761709
12.8672489713419
13.1492510377188
12.9669060594031
12.9249981953368
12.6489062161577
13.3054181857561
13.1617885885452
12.8104244874386
12.948394081559
12.9362930878903
12.744531870353
12.9258083140878
12.9949824928708
13.2146982385215
12.7603508645273
12.7905298108849
12.9001985201227
12.9024108560704
12.8316188413644
12.8983362806308
12.9145166528344
12.9587528418318
13.1730908040999
12.5839047275352
12.9678420615729
12.7224167177969
12.8925142568397
12.5009022013713
12.7679538072898
12.777476989713
12.9163809592551
12.5631586545402
12.8672489713419
12.7544391511477
13.0710934680621
13.0580719673729
12.8176436615651
12.6565375870656
12.9884186600281
12.682715559245
12.895192724123
13.055876407739
12.9592204980152
12.77609354699
12.8446658004908
12.9298834397893
12.9380345736042
12.7991337303736
12.6254240958637
13.2146982385215
12.9245317067889
13.0251190991771
12.9461868841809
12.896589063346
12.8311557063452
12.6867826463582
12.8672489713419
12.9832160259881
13.3020570191267
12.9168471199654
12.855492998412
12.6042230644288
13.0436351824449
12.8459567711904
13.198354265916
13.0197805371066
12.8410567345171
13.0508535749089
12.8040418621436
12.7792414017106
13.2592298531163
12.59203118233
12.7404626989569
12.8816862773406
12.9709831095712
13.0342188853595
12.7512902876529
12.933025404157
12.7192032907556
12.5397054576956
12.9416435093291
13.2635379061372
12.937694029312
12.7052878541779
12.954340371774
12.7594297058293
12.680479353162
12.9127720235303
13.042693709625
12.4796997365477
12.8153307589592
12.8288405326405
12.8374476685434
12.7850750577367
12.8934449898932
12.7400028872528
13.0364167899809
13.1649224106821
13.1487764383166
12.8018190349009
13.14611608432
12.509474140109
13.1581796528204
12.8713228659087
13.0070737693085
12.8681778804505
12.8875094734563
12.7156572583556
12.8821512362389
12.8374476685434
12.8405933090332
12.9507309149973
12.7476810914209
12.855492998412
12.9791380928319
12.8591020643857
13.1906600743441
12.7896066402021
13.0229200505324
13.136051966799
12.9466541543348
13.0400259862129
12.3908178733848
13.1180079393721
13.1235111528189
12.9326836311135
12.8744676243413
12.59203118233
12.631730908041
12.7413824219455
12.8140340745019
12.8617827499098
12.8460566684714
13.0847531042449
12.8487385859169
13.0306092982963
13.0106828352822
12.954340371774
12.513083336341
12.7084386053562
12.7264852378546
13.0080127048293
12.8393011839446
12.8455930123439
12.8248628356916
13.014291901256
12.7151983253329
12.7219575573842
13.102328099621
12.7558202490525
13.0963551064598
12.689933951709
12.9615592853276
12.7657270725809
13.1749927808259
12.6759546668592
12.8721446357042
12.8424472116946
13.215652299473
12.9204561859391
12.7936771446101
13.2308358596795
13.0301389640859
12.7426921688921
12.466613729878
13.1208489748773
12.7548994838849
12.8978708047636
12.7905298108849
13.0590146182999
12.7621178763489
12.9709831095712
12.7426921688921
12.9196447909898
12.9443181408105
12.7490615073636
12.7048292788566
12.5775949184351
12.9846220489495
12.8636396448423
12.4485670973796
12.8802916020066
12.8492023388436
12.8338386025697
12.8631753708449
12.8094104062928
12.7585086801169
13.0960545789265
12.6353399740147
13.1293081670215
12.75628068149
13.2457501714368
12.8049660747798
12.8703937633089
12.9610914603335
12.9858880427329
12.9312833838603
12.9926375054136
12.9556116925298
13.3679803666811
12.7476810914209
12.5338337724205
12.9217334824811
12.7453810623557
12.7729454650449
12.7156572583556
12.8234742122929
12.614140830837
12.8870443883075
12.8690003608805
12.7562066974596
12.895192724123
12.9579498285508
13.0166407970256
12.8509563334536
13.0183708088209
13.0070737693085
12.88890493034
12.8834355828221
13.0965273265468
12.9921686094771
12.7332443064929
12.6813424756406
12.5857215043673
12.9755287663322
12.653841989389
12.9610914603335
12.8762179718513
12.9610914603335
12.9863567458312
12.7828503374355
12.9669060594031
12.9868254827648
13.2840129916997
12.7914531148488
12.9151025122726
12.9046227130021
12.8600303183426
12.9339588596175
12.8722521026604
12.8826162287034
12.9507309149973
12.9177795423374
13.1718586434682
12.7449918787223
12.8934449898932
12.8978708047636
12.9019452163557
13.4266945787916
12.9926375054136
12.789145104832
12.556393691125
12.719725681285
13.0318669024505
12.6651266873601
12.7810864464898
13.0612097589144
12.7828503374355
12.9141702158377
12.7977479428324
12.7598152424942
13.0409673344162
12.8924009525871
12.7634998556165
12.7702580761595
12.8280093845876
13.0048727666486
12.7837730537409
12.7309468822171
12.815793272701
12.8942619992782
12.8379109972209
12.673667496662
12.685004692802
12.6150514347591
13.0106828352822
12.7900682088852
12.668278774317
12.8641039523552
12.3475059553887
13.0164916459168
12.7454519203003
12.8690003608805
12.9971847253303
12.8564209918429
12.9209225105569
12.8198650160609
12.815793272701
12.8424472116946
12.9204561859391
12.994370669746
12.9001985201227
12.534738513733
13.1321517525178
13.0048727666486
12.8405933090332
12.6579080343608
13.0097437748105
12.8446658004908
12.6642125018045
12.9774023536207
12.8851843833442
12.7363938212791
12.9439792087785
12.6019487549621
12.8112594731144
12.7648056588112
13.0188406843283
12.8180145068745
12.4765410711708
13.3631736635021
12.9146363472297
12.8915836581493
13.102328099621
12.861422950583
12.6989282234492
12.8406916717808
12.8117218232343
12.8393011839446
13.0751741311487
12.9741239308528
12.8455930123439
12.9661047539978
13.2462282538078
12.9683101133329
13.0684278908618
12.7219575573842
12.8081128875095
13.2849718492854
12.7724844810163
12.8820409194241
12.9276743178865
12.7711017285554
12.8451293896849
12.7747104038108
12.8852956038403
12.9433839714214
12.9632971236782
12.8992673331649
12.9921686094771
12.9036914083643
12.6051330180847
12.7548994838849
13.0205701912667
12.7770158088501
12.9777328665776
12.5270679948029
12.7332443064929
12.8090374273649
12.6980689406244
12.578048868517
12.944446449843
13.0838085613225
12.7666486193828
13.2070023461469
12.7255666233579
12.9822788465009
13.0053421888536
12.7558202490525
13.042693709625
12.9579498285508
12.9249981953368
12.8961235833393
12.8924009525871
12.7346231591106
13.1370001443626
12.645710779891
12.92546471756
12.8667845670769
12.603313242141
13.2904995668496
12.8992673331649
12.6696505919723
12.7671094426798
13.0003248276609
12.7869207449112
13.0020569448955
12.6800216567407
12.7512902876529
12.7092956120092
12.8338386025697
12.8504925841724
13.0624616605925
12.8289354943508
13.0291983975169
12.7310135720474
12.8108869075551
12.7905298108849
12.7594297058293
13.0806713589605
12.8807564602281
13.1324431613136
13.0715651954239
12.7829320241147
12.9791380928319
12.6876443418014
12.8131090738468
12.7382327461738
13.1206697459584
12.7797026129638
12.7151983253329
13.027469949103
12.8573491192608
13.0517957047464
12.9394355013354
12.8239370533458
12.8608545034642
12.8699292623069
12.8253257769917
12.603313242141
12.9570144728769
12.8270834085249
12.75628068149
13.3345362684951
12.557300126331
12.8176436615651
12.675497166781
13.1870511386192
12.8288405326405
12.8234742122929
12.9223216863991
12.6772761719173
13.0179009672297
12.8686423853012
13.1162924998195
12.7864592731603
12.8032053133122
12.578048868517
12.7305540516152
13.0102132881013
12.9371007902999
12.8969399538106
12.8496661252481
12.9565468456763
12.8771473942544
12.8107971563639
12.9606236691089
13.1540959942259
12.8504925841724
13.087890272514
12.9267412486467
12.8396665584064
13.0860009383233
13.0125613629801
12.8942619992782
12.8961235833393
12.9665728106274
12.9028765293969
12.7724844810163
12.7183484914104
13.0229200505324
13.0310796664621
13.1045185505991
12.8906531937929
12.9312833838603
12.7066041140383
12.8369843733083
13.1952214241888
12.9832160259881
12.7525981524249
12.8776121557729
12.7449211561361
13.0321835762736
13.13984549852
12.7386925603725
12.9714512578049
12.8289354943508
12.7048292788566
12.944446449843
13.2484030459418
12.8870443883075
12.8297665018586
12.9331504475888
13.0017326017904
12.8812213520049
12.9308167021545
13.1266466957808
12.9295408605256
13.0657619288241
12.9069515628384
12.6533853038834
12.8915836581493
12.9890284394399
12.9971847253303
13.1374742844768
13.0910272143218
12.9979792147806
12.945252445054
13.0128829706615
12.7995957262489
12.7765546612769
13.0034647033348
13.0811435171816
12.9339588596175
12.8504925841724
12.8140340745019
12.5617985637472
12.8857606930157
13.1194283033169
12.5067677314564
12.7914531148488
12.7815477909327
13.0400259862129
13.0345350221934
13.1644473313846
13.1781266919329
12.7291756893316
12.8135715574806
13.2204857978128
13.1517228937399
13.0621526023244
13.0626240750767
12.9866849493018
13.017431159551
13.0246490310008
12.9272077664297
12.8573491192608
12.8333754375835
12.8040418621436
12.9497960804129
12.8167184003465
12.9971847253303
12.7305540516152
12.719725681285
12.9827474193316
13.0219800050529
12.8504925841724
12.7544391511477
13.2033928893701
13.1004366812227
12.8862258157667
13.0048727666486
12.5712841983686
13.1199018263192
12.9904349395416
12.8897228637413
12.8672489713419
12.9584175570315
12.9182458040065
12.8027431871503
12.869464794832
13.0066043523765
12.8319861431871
13.1009094846254
12.6840889402252
13.0671768400534
