V1
NA
13.1009497699011
13.1720693369895
13.0396475770925
12.6701263096054
13.5121903456379
12.6419898159029
13.5037211124168
13.0924402663533
13.1153959087795
13.1558339859045
12.4730761699628
13.0409242216565
13.3516053249804
12.8928046989721
12.5697503671072
13.1022326674501
12.6101429410613
13.2465243783043
13.1890727504161
13.0494371023005
13.1336856527696
12.6015862136493
13.2771957309312
13.6256851996868
13.1545463443281
13.0383711824589
13.6911174223876
12.1280344557557
12.4461417939679
12.3164284315645
12.9111198120595
12.843857072932
12.5036717908548
12.7838684416601
13.1192480908557
13.27329678935
13.0273074287951
12.8195083733229
12.9051209243122
13.3822809593735
13.215859030837
12.8463722706355
13.1596984235778
11.9467293380337
13.0579483163665
13.2465243783043
12.7301214257736
12.6517822169996
12.8757465974738
12.9638695779888
13.4116495349976
12.2796709753231
13.4814959859017
13.0677368833203
12.9992169146437
13.7066771098492
13.6844166014096
13.1094576072058
12.9566154147488
13.0238934586761
12.8169979437971
13.4116495349976
12.8021924243907
13.1022326674501
13.0030353471066
13.1916560571932
13.0690161527166
13.2771957309312
12.5709810064617
13.3738006657529
13.001762287057
13.1290385745056
13.0141010575793
12.4632856863129
13.1218174696436
13.1499069812983
13.0728554641598
12.9723908361073
13.3052672802036
13.5642982971227
12.7472097121598
13.0422011162244
12.8842764832583
12.5893294175233
12.6199334247112
13.0383711824589
12.6566170712608
12.72762874486
12.6003524574114
13.1290385745056
13.032409673945
12.4742974640165
13.4952502203506
13.12053265446
12.6615746180964
12.7582492901204
13.1486195418054
12.4265569917744
13.3457358268873
13.0336858597728
12.639514392011
13.0605051889563
13.533098315707
12.8953294820327
12.9319627998042
12.9455542499021
13.0187940485513
12.9209083790133
13.1511946729338
13.2830853563038
13.2967786154901
12.6786763266105
12.5048962005484
12.5722118868109
12.639514392011
12.2906669278229
13.0187940485513
13.2609121158739
12.9430193851576
12.7838684416601
12.6517822169996
12.9404855129209
13.2491186839013
12.9528098688075
13.415589502546
13.1316098707403
12.7949094468918
13.1754111198121
13.1336856527696
12.5624204445315
12.8182530356443
12.3837493881547
12.3384253819036
13.208655634975
13.3026624902114
12.6590953593107
13.2797962981099
13.1094576072058
13.0115527707069
13.001762287057
13.1277533039648
13.2478214040928
13.3627019089574
12.7888758323541
13.2967786154901
12.9332289015077
12.6003524574114
12.6493048756609
13.1949882537197
12.4608457321848
12.85364659814
13.2941752325012
12.5722118868109
12.8072065015177
12.5330461176931
12.8842764832583
13.7569764026241
13.2452276064611
12.7068037200196
12.7888758323541
12.9051209243122
13.2504162178043
12.5599608418992
13.196279980421
13.5415646724763
12.6101429410613
12.660334867326
13.0004894762604
13.3698737398454
13.0813668853422
13.2674042886517
12.8646955159585
12.6811594202899
13.364010182103
12.873225648556
12.613847811184
12.6713670191931
12.9664087748507
12.8280454367411
12.3372172721042
13.3653187114462
13.7458390444488
12.6688858429606
13.0885952031326
12.8280454367411
13.5069002642654
12.9344952511505
12.7080477775602
12.9430193851576
13.0702956726062
12.8046989720999
12.72762874486
12.8413428599393
12.5868650288734
13.0690161527166
13.1375428291728
13.1622759768877
12.9149123665916
13.1401155390189
12.9626003524574
13.1864904552129
13.5989817897004
13.1107412121806
13.0030353471066
13.4632331342407
12.7949094468918
13.6968866261993
13.2648066568771
13.1694898658572
12.541609555512
13.3679365390265
12.7765811631095
13.2269434110045
13.4971126553783
13.1988641926956
12.924703808871
13.5415646724763
12.7557513460597
12.9945162553858
12.4620655898189
12.72762874486
12.5330461176931
12.9076486142395
12.5917947713698
13.2295338817078
13.4592795614722
13.3261529423284
13.4481746109425
13.1081742535487
12.9932439048272
12.7399138268703
13.0213432543568
13.1460454189507
12.7974150592382
13.0507147053064
13.1401155390189
13.27329678935
12.7594986290638
12.7238915532935
12.7386664055615
12.5293657008614
13.4828160187996
13.4129626003525
12.7753303964758
12.8107261695048
12.8340675477239
12.6113776559287
13.8018794048551
12.8804932954879
12.7190835210026
12.7961621304092
13.572267920094
13.2393262828045
13.3946930382845
13.089876639906
12.9992169146437
12.7961621304092
12.6419898159029
12.8340675477239
12.9038574505581
12.7765811631095
13.364010182103
13.364010182103
12.7765811631095
13.1290385745056
12.9847238542891
13.4423340513021
12.9919718034071
12.913647934208
12.7876236169588
12.7863716467594
13.7080191912269
12.6713670191931
12.6811594202899
13.0494371023005
13.4436502496818
13.0617840007833
13.0422011162244
13.2393262828045
13.1805718762241
13.208655634975
12.8672150411281
12.6186979931473
13.0396475770925
12.1719545632589
12.1108282749168
13.963963963964
13.0885952031326
12.9906999510524
12.4131179637788
13.2452276064611
13.0873140172279
13.0481597494127
12.9736610202683
13.2217655118418
13.0396475770925
13.0383711824589
13.206069505629
13.0813668853422
12.9038574505581
12.8021924243907
12.8280454367411
13.2465243783043
12.8659551551944
12.9332289015077
13.3470426948688
13.0677368833203
13.177990992755
12.5330461176931
13.3907595927956
13.3111480865225
12.8953294820327
12.6370399373532
12.3200470081285
13.3835911494028
12.8059526140591
12.9161770466118
12.5477145933249
12.9685817754723
12.5905619737615
13.3065700577695
13.0702956726062
13.2967786154901
13.3137542829173
13.3529123837494
13.5513561147557
13.6577246915998
12.7007442224834
13.5794008224006
13.6688534221091
13.3907595927956
13.0153755753599
13.0213432543568
13.4997552618698
12.552629002252
12.5722118868109
12.7961621304092
12.8855380397533
12.6113776559287
13.5415646724763
13.225648556045
12.4498385044534
13.2563148619542
12.7753303964758
13.7039937353171
13.2869871732106
13.1571218795888
12.5795398923152
13.0213432543568
13.6968866261993
12.8817541111981
13.0422011162244
13.558492413118
12.9600626468285
13.3307233042968
13.0251689354618
13.2856863129039
12.7116156179665
12.3335943617854
12.6909518213866
12.863436123348
12.5795398923152
13.1851996867659
13.2491186839013
13.215859030837
13.3320281910728
12.9060665362035
13.2367338946544
12.9515418502203
12.913647934208
13.316361500049
13.2784958871915
13.0507147053064
13.3822809593735
13.1375428291728
13.1094576072058
12.8046989720999
12.7740798747063
12.72762874486
13.4828160187996
12.9562579508758
13.3973166193321
12.9344952511505
13.0434782608696
13.2524224331996
12.9430193851576
12.7607482127118
13.3261529423284
12.3971797884841
12.6713670191931
12.8230227094753
12.7888758323541
13.0579483163665
12.7399138268703
13.1486195418054
12.5930278104191
12.668753668558
13.208655634975
12.7092920787232
12.3262189152144
12.4265569917744
13.0226182316655
13.0213432543568
13.3627019089574
13.2099490795143
13.1081742535487
12.8072065015177
12.8476302389346
13.1349711265538
13.3248482475034
12.5917947713698
12.3775949862906
12.9673125856332
13.1720693369895
12.646828504307
12.9319627998042
12.9294313399237
12.7472097121598
12.7826172066164
13.0226182316655
12.3580101840971
13.338556458721
12.7655408712677
12.4167645906776
12.6321974148061
13.0885952031326
12.5587314017228
13.3065700577695
13.2465243783043
13.2269434110045
12.6309605404876
12.7007442224834
12.8867998433216
12.9515418502203
13.558492413118
13.215859030837
12.626015464422
12.7509548526099
12.8842764832583
12.7336791621807
13.224353954581
13.017519819908
12.9281659816011
13.4645515080298
13.0298580518845
12.7263827704356
13.364010182103
12.7826172066164
13.3274578926753
12.6003524574114
12.6211690982082
13.2745961820852
12.9834524625477
13.0885952031326
13.014972110774
12.5954198473282
13.3444292148032
13.1375428291728
12.9430193851576
12.8915426781519
12.7667906794596
13.0715754430628
12.6970141948116
13.1524826167858
13.1924055588178
12.3641703377386
13.2869871732106
12.8182530356443
12.7178382612101
13.2341425215348
13.3483498188228
13.1839091709895
12.7288749632821
12.8084606345476
12.3592204485359
12.7692910301606
13.2047768206735
12.924703808871
13.3065700577695
13.2882882882883
12.3152227116985
13.1571218795888
13.0617840007833
13.27329678935
12.9992169146437
13.0187940485513
13.2648066568771
13.1128290439378
13.1179637787567
13.2367338946544
12.6676456191875
12.3849618171138
12.8672150411281
13.1486195418054
13.8157250563008
12.6701263096054
13.7711657042185
13.4018600097895
13.0715754430628
12.7374192285099
12.8684751738321
12.9821813197572
12.9234384178578
13.3627019089574
13.1414022718371
13.0153755753599
12.7288749632821
12.6713670191931
13.2661053456041
12.8621769772905
12.7851199216838
13.3502985220711
13.1473323543808
12.8315552510522
12.6713670191931
13.1988641926956
12.5807714901116
13.1303240967394
12.2600861731297
13.3065700577695
13.1558339859045
12.8388296310794
13.1818626970914
13.2524224331996
12.9945162553858
13.2047768206735
12.9123837493882
12.660334867326
13.3875232592302
13.452124534952
12.9013312451057
12.5795398923152
13.2341425215348
12.6811594202899
12.7349256068912
13.7387387387387
13.206069505629
12.9906999510524
13.1192480908557
12.6884668102604
12.6628146116933
12.4620655898189
12.3286329808069
13.177990992755
12.9723908361073
12.924703808871
12.6003524574114
12.6590953593107
13.1316098707403
12.6713670191931
12.913647934208
13.452124534952
12.6628146116933
12.4840889062959
12.9332289015077
13.4214390602056
13.0519925585039
12.9209083790133
12.349427088434
13.1264682850431
13.2047768206735
12.3078429452658
12.8315552510522
13.4971126553783
13.4481746109425
12.5734430082256
12.3568001566631
13.6844166014096
13.1022326674501
13.3849015960051
12.7851199216838
12.4167645906776
12.8451145486587
13.1166797180893
12.4045427844136
12.2013317665492
13.0422011162244
12.3665915989425
13.1864904552129
13.1864904552129
12.7399138268703
13.177990992755
12.9063846455151
13.0226182316655
13.2869871732106
12.6995006364437
13.2034843887638
13.1035158162766
12.7178382612101
12.5734430082256
12.836580828356
12.8169979437971
12.7888758323541
12.5550876505729
12.9821813197572
12.8072065015177
13.0579483163665
13.7276020757858
12.4326970141948
12.8242780225159
13.5558383087012
12.7386664055615
12.6590953593107
12.8659551551944
12.1315969842358
13.1511946729338
12.9234384178578
12.4853113983549
12.8009395184968
12.9847238542891
12.9123837493882
12.6749535088578
13.4312285854136
13.1277533039648
13.454759106933
12.6028202115159
13.1388290581555
12.3947523007637
12.7974150592382
12.5342734038386
13.3666274970623
12.9932439048272
12.0654196454804
12.5379269844377
12.6455906821963
12.9528098688075
13.0128267893861
12.7974150592382
13.420125293657
12.9600626468285
12.8523884103367
13.0077322110208
13.1179637787567
13.1056082998923
13.4325435676522
13.3039647577093
12.511013215859
12.7361722956437
12.7557513460597
13.3039647577093
13.0238934586761
13.0064591896653
12.5244810027419
13.1864904552129
12.8928046989721
12.5293657008614
12.9038574505581
13.4762184380505
13.0285826155051
13.3653187114462
13.2491186839013
12.2576855296652
12.9847238542891
12.949006557698
13.4057971014493
13.2380299618134
13.420125293657
13.1179637787567
13.2328472154253
12.6664056382146
13.0396475770925
12.7374192285099
12.6297239083611
13.0358191426894
12.2173274596182
12.7876236169588
13.1571218795888
12.9894283476899
12.4816446402349
12.6799177518849
12.5893294175233
13.7151248164464
12.7570001958097
12.9076486142395
13.0409242216565
12.8684751738321
13.6283532406501
12.2209165687427
13.4031721167026
12.6909518213866
12.453495202663
13.177990992755
13.2354380812531
13.2099490795143
12.6419898159029
13.0043086564826
12.7080477775602
12.843857072932
13.4253819036428
12.8928046989721
12.7557513460597
12.6003524574114
12.8744859996084
12.6309605404876
12.9736610202683
12.863436123348
13.2895896582117
13.1949882537197
13.2269434110045
13.4351743047395
12.9723908361073
12.7105366235801
13.1988641926956
13.1009497699011
13.0456057936974
12.7667906794596
12.9063846455151
13.1877814764049
13.1839091709895
12.924703808871
13.1303240967394
13.6087722733503
12.5501713166911
13.1362568519969
13.4717055022518
13.6243515709112
12.4119028974158
13.2674042886517
12.8340675477239
12.7447141738449
13.1741215621024
13.3235438081253
13.270698766882
12.3665915989425
13.3457358268873
13.5121903456379
12.8744859996084
12.4840889062959
13.316361500049
13.409024175394
13.2034843887638
13.4619150186019
13.2967786154901
13.3659491193738
12.9868858876492
12.9821813197572
12.3665915989425
12.8280454367411
13.0911583276217
12.8084606345476
12.4559341950646
13.032409673945
12.879232726561
13.3555272691667
12.7667906794596
13.316361500049
12.9417523250122
13.0775254502741
12.6701263096054
13.1511946729338
12.7876236169588
12.6897091941643
12.9455542499021
13.578071463534
12.8659551551944
13.0715754430628
12.9013312451057
12.9957888551562
12.8463722706355
12.0755455524024
12.6003524574114
13.3946930382845
13.0677368833203
12.5293657008614
13.1231025364803
12.6309605404876
13.3359443846079
13.1877814764049
13.2269434110045
13.1460454189507
13.730290862795
12.7349256068912
12.5930278104191
12.7141039444064
12.541609555512
13.2869871732106
13.1656225528583
12.4363493928711
13.0813668853422
12.7924048155036
13.1643339532152
12.6113776559287
13.0788056779246
13.0507147053064
13.0800861562561
13.1022326674501
13.1290385745056
13.001762287057
13.3359443846079
12.6897091941643
12.7092920787232
13.8157250563008
12.9370286945451
12.7570001958097
13.5037211124168
12.9809104258443
13.3444292148032
13.518010963195
12.3935389133627
13.3320281910728
13.3946930382845
13.1303240967394
13.3091763784154
13.001762287057
12.7092920787232
12.9698512137823
13.1290385745056
12.4926571372626
12.8451145486587
12.6480665687714
13.1877814764049
13.1388290581555
13.6047763531369
12.5807714901116
12.3470087143836
12.8659551551944
12.8255335813589
12.5624204445315
13.2967786154901
13.1107412121806
12.9957888551562
13.2367338946544
13.0728554641598
12.4755189972581
13.0434782608696
13.2882882882883
12.9664087748507
13.2328472154253
13.2295338817078
13.0336858597728
12.6493048756609
13.3555272691667
12.8280454367411
13.6198962107118
12.7901282930173
13.4730245765201
12.5562732432961
13.3261529423284
12.9161770466118
12.7374192285099
12.9868858876492
13.2941752325012
13.2681017612524
12.7642913077525
13.1656225528583
13.3098453709141
12.1989426277658
12.8609180777136
13.4129626003525
12.9051209243122
13.3835911494028
12.3140172278778
13.1486195418054
13.4005481597494
12.9430193851576
13.1081742535487
13.0004894762604
13.0311337380067
12.5220285882123
13.032409673945
12.9272353344432
13.2145653876272
13.1009497699011
12.836580828356
13.3189697385173
12.8757465974738
13.1864904552129
12.6726079717951
13.3600861309582
12.7288749632821
12.6920442313338
13.0715754430628
13.1851996867659
12.9111198120595
12.6982572939103
13.415589502546
13.6857562408223
13.0605051889563
13.1192480908557
12.7447141738449
12.2736615444847
13.1877814764049
12.7949094468918
12.6897091941643
12.8965922444183
13.196279980421
13.089876639906
12.5122381045624
13.2941752325012
13.1290385745056
13.337250293772
13.2217655118418
12.8378378378378
12.6811594202899
12.6505434250465
12.6199334247112
12.8280454367411
12.6872246696035
13.3960047003525
13.0983847283407
13.3124510571652
12.9234384178578
12.5550876505729
13.225648556045
12.9000685132622
13.2745961820852
12.6688858429606
13.611437524481
13.3274578926753
12.7411614925081
12.9528098688075
12.6493048756609
12.5722118868109
13.2001566784175
12.9919718034071
12.9502740798747
12.5244810027419
12.8059526140591
12.682401331897
13.1805718762241
13.2550171316691
13.1264682850431
12.7301214257736
12.7080477775602
13.4299138606108
12.5477145933249
13.0788056779246
12.6811594202899
13.2478214040928
13.2954767965537
12.6786763266105
12.9076486142395
12.7190835210026
13.1094576072058
12.9783693843594
13.1694898658572
13.0102790014684
13.1401155390189
13.0494371023005
12.8817541111981
12.8965922444183
12.9919718034071
12.7863716467594
13.1179637787567
13.2941752325012
12.5122381045624
13.0715754430628
12.7068037200196
12.6419898159029
12.7667906794596
12.9859954950544
13.0153755753599
13.357471376847
13.376419898159
13.3261529423284
13.338556458721
13.364010182103
13.4240673651229
13.0592266275086
12.7178382612101
13.3835911494028
13.4579622198297
12.8744859996084
12.5636506071289
13.2282385195339
12.750758391232
12.4742974640165
12.6407519827671
13.1009497699011
13.1107412121806
12.8915426781519
13.1877814764049
12.2846515270164
13.587860988742
12.7153484729836
13.0285826155051
13.0285826155051
12.8034455755677
13.12053265446
12.9919718034071
12.7961621304092
13.0311337380067
12.6480665687714
13.8815467449829
12.6651658999706
13.1903642773208
12.4045427844136
12.6615746180964
13.1192480908557
12.9038574505581
13.2465243783043
12.8855380397533
13.0336858597728
13.2537196554424
13.2648066568771
13.1511946729338
13.2009002837851
12.8940669669082
12.8646955159585
13.1584100254553
