V1
NA
12.1693121693122
12.8707627118644
13.2874536791953
12.9032258064516
12.5396825396825
12.5992588671255
12.3215230037017
13.9608672659968
14.1419491525424
12.1292372881356
12.8042328042328
12.7580730545262
13.8771186440678
13.8241525423729
13.0757014293277
11.9110640550556
11.864406779661
12.7648305084746
12.5463208046586
12.4470338983051
13.4533898305085
13.0227633668608
13.8771186440678
13.771186440678
13.6122881355932
12.5529661016949
12.4404446797247
12.8110111169931
12.7648305084746
11.9703389830508
12.9766949152542
13.6122881355932
12.3411016949153
12.8707627118644
13.135593220339
14.0889830508475
13.2415254237288
14.5579671784013
13.7638962413976
14.3008474576271
13.0296610169492
13.5521439915299
13.9830508474576
13.8241525423729
12.7580730545262
13.7182203389831
13.771186440678
11.8114406779661
12.9766949152542
12.9168872419269
13.8095238095238
13.1815775542615
12.5992588671255
13.1815775542615
12.3940677966102
12.1693121693122
13.5593220338983
13.4533898305085
14.1949152542373
12.8177966101695
12.2881355932203
13.5593220338983
10.4872881355932
14.021164021164
13.4533898305085
12.3809523809524
13.9830508474576
12.2286924298571
12.7580730545262
13.135593220339
13.2944915254237
12.9766949152542
13.3403917416623
13.1815775542615
14.5127118644068
13.1286394917946
13.1885593220339
13.771186440678
11.4406779661017
14.2478813559322
14.8305084745763
14.6560846560847
13.2415254237288
13.8771186440678
12.5529661016949
13.2345156167284
13.771186440678
14.1949152542373
13.5521439915299
13.2944915254237
12.5529661016949
13.0227633668608
14.0360169491525
12.0762711864407
13.5593220338983
12.9168872419269
15.4049761778719
13.8241525423729
13.5593220338983
12.1292372881356
14.1949152542373
13.8168343038645
14.3008474576271
12.3411016949153
13.2944915254237
13.2415254237288
12.7118644067797
13.7182203389831
12.9237288135593
14.4067796610169
13.5593220338983
12.8042328042328
12.281630492324
13.2944915254237
13.7109581789307
12.5
12.8707627118644
12.9168872419269
11.2698412698413
15.5720338983051
13.9830508474576
13.4004237288136
12.9168872419269
12.9698253043939
14.1949152542373
12.86394917946
13.6652542372881
11.864406779661
13.7109581789307
12.7648305084746
12.7118644067797
14.5656779661017
12.3345685547909
14.081524616199
12.8177966101695
11.864406779661
12.5
13.6122881355932
12.3875066172578
12.2351694915254
13.9830508474576
12.281630492324
12.8110111169931
13.4462678665961
12.6059322033898
13.2944915254237
12.6059322033898
13.4462678665961
13.6050820539968
13.135593220339
13.5063559322034
14.7697194282689
13.1885593220339
13.9300847457627
12.7580730545262
14.0360169491525
12.8707627118644
12.9766949152542
13.8624338624339
12.5463208046586
13.5593220338983
12.7118644067797
12.3345685547909
12.3940677966102
13.4462678665961
14.6186440677966
14.0889830508475
13.4533898305085
13.7182203389831
12.7648305084746
12.9766949152542
13.5063559322034
12.7648305084746
11.7460317460317
13.9227104287983
12.8571428571429
13.0826271186441
13.2345156167284
11.6525423728814
14.1419491525424
11.7055084745763
13.0826271186441
12.0762711864407
13.0687830687831
12.5529661016949
12.3940677966102
12.7051349920593
13.2944915254237
12.7580730545262
12.8177966101695
13.771186440678
13.1815775542615
13.5593220338983
12.86394917946
12.2881355932203
13.135593220339
12.3875066172578
11.5995762711864
12.3875066172578
13.5521439915299
12.0233050847458
12.8707627118644
13.5593220338983
13.3933298041292
12.6521969295924
13.1885593220339
12.7118644067797
13.6652542372881
12.6059322033898
12.9766949152542
12.6521969295924
14.353813559322
13.3933298041292
13.2804232804233
14.4597457627119
14.7245762711864
12.7118644067797
12.1822033898305
12.9698253043939
12.0233050847458
15.7309322033898
12.4404446797247
11.9173728813559
12.6588983050847
11.9173728813559
13.499205929063
13.135593220339
14.7775423728814
13.8551031200423
15.8368644067797
14.4067796610169
13.4004237288136
12.5529661016949
12.5992588671255
13.3403917416623
13.1885593220339
13.2415254237288
13.1286394917946
12.5
13.0296610169492
12.374405076679
13.9756484912652
12.7580730545262
12.8707627118644
11.864406779661
11.7584745762712
12.7580730545262
12.0762711864407
12.6588983050847
13.5978835978836
13.4462678665961
12.2351694915254
13.135593220339
14.0889830508475
14.353813559322
11.9640021175225
13.2944915254237
12.9168872419269
13.5593220338983
12.7118644067797
12.9237288135593
13.0227633668608
13.6652542372881
13.9300847457627
13.499205929063
13.0826271186441
11.6525423728814
12.5
13.2804232804233
14.7089947089947
12.7051349920593
13.2874536791953
13.3474576271186
12.9766949152542
14.2478813559322
13.4533898305085
13.3403917416623
13.8771186440678
12.0762711864407
12.1292372881356
13.0757014293277
14.3991529910005
14.1419491525424
12.6059322033898
13.4533898305085
12.6059322033898
11.228813559322
13.4533898305085
12.0762711864407
12.9766949152542
12.8707627118644
13.5593220338983
13.5063559322034
11.8581259925887
12.0762711864407
12.9766949152542
13.2415254237288
13.9227104287983
13.5593220338983
12.3875066172578
12.7118644067797
12.8177966101695
12.0233050847458
12.4404446797247
11.7055084745763
12.3940677966102
12.7118644067797
12.1228163049232
13.7109581789307
12.8110111169931
11.9640021175225
13.135593220339
12.1822033898305
13.015873015873
13.8168343038645
12.5529661016949
13.4391534391534
12.7648305084746
12.5
12.9766949152542
14.2403388035998
14.2932768660667
11.9640021175225
13.0296610169492
13.0296610169492
12.1757543673902
12.6588983050847
13.2345156167284
13.6652542372881
12.8707627118644
12.1292372881356
12.7580730545262
12.0762711864407
12.86394917946
13.2415254237288
11.9703389830508
13.1286394917946
13.6652542372881
13.2944915254237
13.8771186440678
13.4004237288136
13.4533898305085
11.1228813559322
13.499205929063
13.771186440678
12.7051349920593
13.4533898305085
13.771186440678
14.4520910534674
11.864406779661
13.4462678665961
13.8241525423729
13.0826271186441
12.1292372881356
11.8581259925887
12.9237288135593
13.8771186440678
13.9830508474576
13.7109581789307
14.2932768660667
14.4520910534674
13.1885593220339
13.2415254237288
13.2944915254237
13.8241525423729
12.8707627118644
13.9300847457627
12.8177966101695
12.3875066172578
12.1164021164021
14.5127118644068
13.3474576271186
12.9766949152542
13.2874536791953
12.5529661016949
11.8114406779661
13.4004237288136
13.8697723663314
12.5
13.6652542372881
14.2857142857143
13.5593220338983
13.7109581789307
14.4067796610169
12.5529661016949
13.5593220338983
12.7051349920593
12.8177966101695
13.1885593220339
12.9766949152542
13.4533898305085
12.0233050847458
12.7648305084746
12.2881355932203
13.5593220338983
12.1292372881356
12.9237288135593
13.3474576271186
12.7648305084746
12.4933827421916
13.4533898305085
12.7051349920593
13.2944915254237
13.7182203389831
14.3008474576271
13.9830508474576
13.1885593220339
11.5811739820201
13.5063559322034
12.2881355932203
13.7182203389831
13.2415254237288
13.3474576271186
12.5
13.6050820539968
12.9237288135593
13.5593220338983
12.0762711864407
11.9640021175225
12.8707627118644
12.374405076679
11.7989417989418
14.7775423728814
12.7648305084746
13.7638962413976
13.4004237288136
13.1286394917946
11.4346214928534
13.2944915254237
13.0826271186441
13.6580201164637
13.0296610169492
13.7109581789307
11.4936440677966
13.8697723663314
13.6652542372881
13.5593220338983
12.9766949152542
14.3462149285336
12.5529661016949
12.1292372881356
14.5656779661017
12.6588983050847
14.2478813559322
13.135593220339
12.7648305084746
13.7182203389831
15.0423728813559
13.8168343038645
12.7118644067797
14.1949152542373
14.7245762711864
12.5529661016949
13.5063559322034
12.7051349920593
12.86394917946
13.6652542372881
11.8051879301218
12.5529661016949
11.6993118051879
13.6122881355932
13.0757014293277
11.7460317460317
12.9766949152542
12.0233050847458
13.9300847457627
12.7648305084746
13.4533898305085
13.0296610169492
13.1885593220339
12.5529661016949
13.771186440678
14.353813559322
11.7522498676548
12.2881355932203
12.3940677966102
13.2415254237288
13.5593220338983
13.7638962413976
13.8771186440678
12.86394917946
13.0826271186441
13.6507936507937
12.3940677966102
12.4404446797247
12.6059322033898
12.5
13.7182203389831
12.2351694915254
13.4004237288136
12.1822033898305
13.2345156167284
12.86394917946
13.1885593220339
13.2944915254237
12.7051349920593
14.8834745762712
12.6521969295924
13.6122881355932
14.3008474576271
13.1746031746032
13.8241525423729
12.1822033898305
14.1419491525424
13.1286394917946
12.2881355932203
13.6122881355932
14.134462678666
13.9830508474576
13.8624338624339
12.9698253043939
11.864406779661
11.9640021175225
12.9237288135593
12.5
12.9766949152542
13.9300847457627
13.2415254237288
13.015873015873
12.4933827421916
12.6588983050847
12.5529661016949
12.9698253043939
12.6984126984127
13.6122881355932
12.7580730545262
13.4533898305085
12.1822033898305
13.6050820539968
13.9227104287983
13.3403917416623
14.0889830508475
12.7118644067797
13.5978835978836
13.1815775542615
13.3474576271186
13.6122881355932
12.86394917946
14.1419491525424
11.9173728813559
13.3403917416623
12.3940677966102
12.8177966101695
12.8707627118644
12.0233050847458
12.6059322033898
13.2345156167284
12.1757543673902
13.0296610169492
13.4849286092015
13.3474576271186
12.2351694915254
13.135593220339
13.0296610169492
14.4597457627119
11.8114406779661
14.5656779661017
14.1419491525424
13.6122881355932
13.5521439915299
13.7182203389831
12.9237288135593
12.7648305084746
12.6059322033898
13.3933298041292
13.771186440678
13.771186440678
13.4533898305085
12.5529661016949
12.2222222222222
11.7584745762712
14.1949152542373
12.4470338983051
13.0296610169492
14.4597457627119
12.0762711864407
13.0296610169492
11.7584745762712
13.2944915254237
13.4004237288136
13.135593220339
13.7182203389831
12.0762711864407
14.6186440677966
15.0344097406035
13.6122881355932
14.3008474576271
13.6652542372881
11.8455843469064
13.8241525423729
13.6580201164637
13.2944915254237
13.2874536791953
13.9830508474576
13.2944915254237
13.8241525423729
13.135593220339
12.8110111169931
13.0296610169492
13.4462678665961
12.8177966101695
13.135593220339
13.135593220339
13.3474576271186
13.9830508474576
13.9300847457627
13.0227633668608
13.6652542372881
12.5
13.6652542372881
13.4320465362242
12.7648305084746
13.1286394917946
11.9703389830508
13.3474576271186
12.8707627118644
13.1885593220339
13.6580201164637
13.9300847457627
12.6521969295924
12.6059322033898
12.3411016949153
13.2205182443152
13.5063559322034
14.4597457627119
12.9237288135593
14.0889830508475
13.5063559322034
12.7648305084746
11.8581259925887
12.5529661016949
13.0089899524061
11.8114406779661
12.9766949152542
13.0757014293277
13.2874536791953
12.1292372881356
12.3875066172578
14.716781365802
13.135593220339
13.4004237288136
12.86394917946
13.4004237288136
12.5529661016949
13.9300847457627
13.4004237288136
12.5529661016949
15.3072033898305
14.3008474576271
14.3915343915344
12.1292372881356
13.5593220338983
13.7638962413976
13.1815775542615
14.1269841269841
14.0889830508475
13.6652542372881
13.9300847457627
13.4004237288136
12.3411016949153
13.6050820539968
13.2345156167284
13.135593220339
12.7648305084746
13.135593220339
11.5995762711864
12.6588983050847
12.3411016949153
12.9766949152542
12.6588983050847
13.2944915254237
13.0826271186441
14.021164021164
14.8305084745763
13.5521439915299
13.1885593220339
11.8114406779661
13.2415254237288
12.2751322751323
13.4533898305085
12.2881355932203
12.6059322033898
13.0757014293277
12.2222222222222
14.3008474576271
12.7648305084746
13.0826271186441
13.4004237288136
13.2944915254237
12.9698253043939
14.353813559322
13.6122881355932
11.4875595553203
14.353813559322
12.3940677966102
13.6122881355932
13.3933298041292
13.135593220339
11.5995762711864
13.0296610169492
12.1757543673902
13.4004237288136
12.5529661016949
14.5656779661017
11.0699152542373
13.8095238095238
13.1286394917946
12.86394917946
12.7648305084746
10.8580508474576
13.9756484912652
12.86394917946
12.8110111169931
12.7648305084746
14.353813559322
13.4533898305085
13.6122881355932
13.8241525423729
12.9237288135593
13.2345156167284
14.6716101694915
13.4533898305085
12.4470338983051
14.1419491525424
12.9237288135593
12.9766949152542
12.6059322033898
14.3008474576271
14.2478813559322
12.4470338983051
13.2415254237288
13.1815775542615
13.0826271186441
12.9766949152542
13.6050820539968
14.353813559322
14.1419491525424
12.8177966101695
14.081524616199
13.5378106821787
11.5995762711864
13.4004237288136
12.5
12.7118644067797
11.9640021175225
12.86394917946
13.5593220338983
12.9766949152542
11.4406779661017
14.353813559322
14.0360169491525
14.8305084745763
12.8177966101695
11.6402116402116
14.0360169491525
13.0227633668608
13.771186440678
12.5
13.8771186440678
14.5050291159344
12.0762711864407
11.5934356802541
13.7182203389831
12.4470338983051
13.7182203389831
12.9168872419269
13.8168343038645
13.9227104287983
11.9703389830508
12.6059322033898
12.6059322033898
13.0296610169492
13.3403917416623
12.7051349920593
13.9300847457627
13.8697723663314
13.8771186440678
16.7372881355932
13.9300847457627
13.5521439915299
13.1885593220339
12.1822033898305
13.8697723663314
13.4533898305085
12.0169401799894
13.4462678665961
13.4004237288136
11.9640021175225
12.4470338983051
15.1402858655373
13.6050820539968
12.8571428571429
12.6588983050847
13.771186440678
13.135593220339
12.8707627118644
14.1419491525424
12.8110111169931
12.9766949152542
13.0826271186441
14.0889830508475
12.8177966101695
12.4470338983051
12.7118644067797
12.7118644067797
13.0826271186441
14.1949152542373
12.9698253043939
14.353813559322
13.8771186440678
13.7182203389831
13.2874536791953
12.1822033898305
12.4470338983051
13.6122881355932
13.5593220338983
13.6050820539968
12.3875066172578
12.8177966101695
12.8707627118644
13.1286394917946
14.9814716781366
13.135593220339
13.0227633668608
12.5
12.6521969295924
12.8110111169931
14.0889830508475
12.9766949152542
12.3940677966102
14.989406779661
12.1228163049232
11.1169931180519
12.0762711864407
12.5
13.8771186440678
11.864406779661
13.499205929063
13.0826271186441
13.8095238095238
14.8226574907358
12.0762711864407
12.1822033898305
14.1798941798942
13.135593220339
12.86394917946
13.9830508474576
13.4004237288136
12.0762711864407
14.2932768660667
12.1292372881356
13.4004237288136
12.2881355932203
12.6984126984127
13.2415254237288
13.4533898305085
12.2222222222222
14.0360169491525
13.1885593220339
14.0360169491525
12.0233050847458
13.135593220339
12.9698253043939
13.4004237288136
11.8114406779661
12.6588983050847
14.3008474576271
14.8834745762712
13.0757014293277
12.5529661016949
13.0296610169492
13.771186440678
13.6122881355932
12.0762711864407
13.4533898305085
14.4067796610169
14.9364406779661
12.8707627118644
13.3474576271186
12.3940677966102
12.6588983050847
13.4004237288136
13.8697723663314
14.4067796610169
11.864406779661
13.4533898305085
12.7648305084746
13.015873015873
13.8697723663314
13.3474576271186
12.0762711864407
14.0285865537321
14.6716101694915
12.2351694915254
13.2415254237288
13.4004237288136
14.7540983606557
12.7118644067797
12.8707627118644
13.2415254237288
13.2415254237288
13.8241525423729
13.5063559322034
13.9227104287983
13.9830508474576
13.3474576271186
11.8051879301218
12.3940677966102
12.5529661016949
13.0687830687831
13.7182203389831
14.4067796610169
12.7051349920593
13.3474576271186
14.1419491525424
12.281630492324
13.0296610169492
13.135593220339
15.0423728813559
12.7513227513228
12.5
12.7580730545262
14.1798941798942
13.0826271186441
12.3940677966102
13.4004237288136
12.9766949152542
13.135593220339
14.6109052408682
12.9766949152542
12.6588983050847
12.1228163049232
12.9237288135593
11.1169931180519
12.5330512956108
12.7513227513228
11.4936440677966
12.2881355932203
13.6652542372881
14.134462678666
13.0826271186441
12.5529661016949
13.968253968254
12.2881355932203
13.1885593220339
12.8707627118644
12.6059322033898
12.6059322033898
12.7051349920593
13.771186440678
13.0296610169492
13.135593220339
13.2415254237288
13.9227104287983
13.0826271186441
12.7648305084746
14.2932768660667
13.2944915254237
13.4004237288136
12.3940677966102
14.4520910534674
13.2944915254237
13.4004237288136
13.5063559322034
12.2351694915254
12.6455026455026
14.1419491525424
13.9756484912652
12.9237288135593
13.2415254237288
13.135593220339
13.6050820539968
13.5063559322034
13.3474576271186
12.2881355932203
12.9766949152542
13.802221047065
14.353813559322
12.7648305084746
12.7648305084746
14.0889830508475
13.1885593220339
11.8581259925887
12.7118644067797
12.5529661016949
13.1885593220339
14.134462678666
13.1885593220339
13.9300847457627
11.8051879301218
13.6122881355932
13.0227633668608
13.8771186440678
11.5466101694915
14.3915343915344
13.7109581789307
12.1693121693122
13.9830508474576
11.5466101694915
12.6588983050847
